browser_id=221d6a7c-2f86-4453-b103-2b378319057d; country_code=HK; osano_consentmanager_uuid=4b34cd7a-dd5d-473d-9956-4497e9010e17; osano_consentmanager=EHr4Bf9nhlViPphc1VzrasWou2d4u-OthQ9crK7xvtGaCCrXk4T_Gk48cuc2VByMPQUPID7-PVWCObDFqe-du65i3n2BIaczSkzcyDq6CCOBNu1l1o2OOo8ect81jnZbJbxM4A_6tzCv__87KXXzPcTyHb-QtGmp1y04fx5cPqSeJUlejvJ78zT-qy4K4lCizBcMisrm61MjMiInH7QBMDVEh4Ny_zLzyVSqvYKYzXHzZ3cgkDmF6TEIWDK5AXH-3VZ64GRoMDai1Wv3LiWE2q5804exgxvcMTeFDJfxdn-tjl9os8BiYlvEIgKbk6r3SibE4ZfABAQDTC1v_sNYRSbBRRE3xRSMPaiH8lmj6FtqacUMeI3JxCMh80QHkeGhcVM-WUNTPJcnsZxt-psJcK2VevE2NPRXnXNYh8VfhpQdsBdivvFXYafmSX0h86TJhDJi1FRpRQtpFF0Tq0_WwFhXATYLhajVVnsxGZTlFJQa25CDJyruAsJN7nEhH9BM0NOa3ItGE89i8OlN1-3xjCpi_BZXNOMobocPMUQVA5eJGWhEJMAGMGEOuYwm6SNHNKQf1OwiUEBRbgYY1iWIjg==; _fs_sample_user=false; _cookie_id=1e031fc471edb4e5ad3ef1f3e77e704f; logged_in=MjM3MjgxNDQ1--b7a5207020f21f9b4fa45a2582a040694b755426; _dd_s=rum=0&expire=1705376469168
browser_id=ef4bd64f-e9e4-4cea-b496-1adc23b6c530; country_code=HK; osano_consentmanager_uuid=b4f69f38-9927-4cbb-b2f3-1ed62760f837; osano_consentmanager=qio7dlShL8sBXsdF1exF3IO4l3W68cbQgeibSc33UJ0JPk3XvNH9hhvdCGOGOlQ1-XYqCN3FfaR4wGQbyw8w8JemBLrlwQiTi0R09QSulYOi0KBQ6XBtVhDIYnXRKg3w5hJxJkkWmykJtESoCCCEs_pG7rjQ0ZHSsUsdjMW_dbxZMLkQ0UeZaYU101XUK9rUA0KAzxW83TGSYl81Ic12JH3dfstHTekGWRwKQQDyupIXz8xZbXsQ_x7ekUeHlT9FDqLqVBh9UU_Ac2pTW16aN72IWZHVIbnqroQfI0eLAe_qVQDhcSzhqR2Ltw9cy_XcvmKqgDK9U_iFNYlF6Jk3dfGkCTir64QEm0VQ8tKsgmiXVptZBBZmKQ_yTeH03GZWdYVMbgQOlOCvj2Q8VCSoZ3ckj2iovQe0rVy6TaOCbb4gD8w5OvApHmVDws7qSnp8vh-jqytGRtD5RK-NW9uyC0mTvRilc64sXznarrPjavFkAW169Z7yLTS8ielT6EEiAA5_dCNudlQVjP58Dgv_Y_7YpAOh5gO3GiPnsM35Vha9Okq458yWxpTA-mi7KOSex26aiItGw_xj98NSONCncA==; _fs_sample_user=false; _cookie_id=3421de26d831e52e51cf1c052e5038fc; flash=BAh7BkkiC25vdGljZQY6BkVGMA%3D%3D--b8587ccce3f7c9553ab2422163b5d1964e1909e1; _ga=GA1.1.1474813288.1705375958; __utma=186399478.1474813288.1705375958.1705375958.1705375958.1; __utmc=186399478; __utmz=186399478.1705375958.1.1.utmcsr=(direct)|utmccn=(direct)|utmcmd=(none); __utmv=186399478.|1=member_type=LOGGEDOUT=1; __utmt=1; __utmb=186399478.1.10.1705375958; _ga_JFMG63W8KJ=GS1.1.1705375958.1.0.1705375962.0.0.0; logged_in=MjM4Njk3NTA0--b4ec5f7901782d2adcc7993fd7314ae5876ee1e9; _dd_s=rum=0&expire=1705376899719
browser_id=5a0e60b9-ed24-4ef7-8a21-17e196a8c0d3; osano_consentmanager_uuid=f941e6a8-de7a-4d2d-aaa2-4f06ae2d6dee; osano_consentmanager=6y65GtoDQjabp4FMV9KWYiPNvwENh6quBcDFtBLIvAtbm7kzbL7TFoBRN2KN63GrUy4_1B3rIfsmRIJksPH-f46Tzv4yEV8oiIGcVRCFDhEM-KYhMYNuH3i_AYzhMg51hwvd3rY5vju-u7kVjJj6lh7D6aj90qWwZOT_RiCz8OhEAHkWsQDZnLFT18FL8cuI-dVeYrPI3vIyrmCseCICAtTLS--udFQgShGtiVKVSVqewIxoNqD-tLoz_Ab4ckRsZpPevaj4vhZ6mu8UHTOqvT0vKmXRHBh2ms9LctbEY3uGhe2GkHyPVoypIEtqSUczATaCWVpznhQ-KDJGYAAUpFLDba5gPpgwYveZy2G-1yLKKqClpF_EEzNQvyQmGgszEEkrZLIy5jW-bhwfiI8MbND0Yi6ycRtC6z4wHpfYF7UEtphsrRMiZpditHdm4DoTURH675kFnTDvkydsVXEs0ofa9VtVihlOBDXuEgXTQusF4sFecRlVFIDYuWf2j62Q9BcbSVDdrwt79V2SeVXk-u49B8r6znOgOj69R1kvoHcZW_nw9mNZLuSh4cShv9sk1kEgw8pOyKLn8GuUC3LMaw==; _fs_sample_user=false; country_code=HK; _cookie_id=bd5b427c84cccfb65cbe5b67aa5895d7; _ga=GA1.1.1948352825.1705376190; __utma=186399478.1948352825.1705376190.1705376190.1705376190.1; __utmc=186399478; __utmz=186399478.1705376190.1.1.utmcsr=(direct)|utmccn=(direct)|utmcmd=(none); __utmv=186399478.|1=member_type=LOGGEDOUT=1; __utmt=1; flash=BAh7BkkiC25vdGljZQY6BkVGMA%3D%3D--b8587ccce3f7c9553ab2422163b5d1964e1909e1; __utmb=186399478.2.10.1705376190; logged_in=MjM4Njk3Mzc3--4e832a894c2a53986eae1904bce610f8d67793f4; _ga_JFMG63W8KJ=GS1.1.1705376189.1.1.1705376246.0.0.0; _dd_s=rum=0&expire=1705377162520
